 16  11  4  10  14  12  5  7  2  15  9  3  6  8  1  13 
 7  3  9  15  6  11  8  13  14  1  10  5  16  12  4  2 
 6  8  14  1  3  16  2  15  4  11  12  13  7  9  5  10 
 2  12  5  13  4  9  10  1  16  7  8  6  15  3  14  11 
 15  4  13  11  7  8  12  14  6  3  16  10  2  1  9  5 
 12  16  2  7  15  4  9  5  8  13  1  14  3  11  10  6 
 14  1  8  5  10  3  16  6  15  9  2  11  4  13  12  7 
 10  9  6  3  11  13  1  2  12  4  5  7  8  15  16  14 
 3  15  16  6  12  5  13  11  7  8  14  9  10  4  2  1 
 8  13  1  2  16  7  14  9  10  12  4  15  11  5  6  3 
 4  5  10  14  2  15  6  3  11  16  13  1  12  7  8  9 
 11  7  12  9  8  1  4  10  3  5  6  2  14  16  13  15 
 13  14  15  16  9  10  11  12  5  6  7  8  1  2  3  4 
 9  10  11  12  1  2  3  4  13  14  15  16  5  6  7  8 
 5  6  7  8  13  14  15  16  1  2  3  4  9  10  11  12 
 1  2  3  4  5  6  7  8  9  10  11  12  13  14  15  16 
Time taken: 125.0 ms