16
0 14 8 4 0 10 3 0 0 0 0 9 0 12 0 0
0 0 6 0 0 0 11 4 15 0 0 10 16 1 5 0
0 0 0 13 0 0 0 0 8 16 0 0 0 0 0 15
0 0 0 0 5 14 0 9 12 0 2 11 8 0 0 0
0 0 0 0 0 0 0 0 14 15 0 0 1 4 13 0
2 0 0 14 0 12 7 0 0 5 0 0 15 0 0 0
1 0 0 0 16 0 4 13 0 0 6 0 14 10 0 0
0 15 0 9 0 0 0 3 0 1 0 0 0 0 0 2
0 0 0 6 11 0 0 0 1 0 5 0 0 0 0 3
0 0 0 0 0 4 0 7 6 8 0 0 2 0 16 13
14 9 0 0 8 6 0 15 0 0 0 13 0 0 11 0
0 0 0 3 0 0 0 0 0 0 0 0 0 8 15 0
0 0 0 5 2 13 0 14 0 0 1 0 0 6 0 0
6 0 11 0 0 0 0 10 0 4 0 0 0 0 1 5
0 2 9 0 0 0 0 0 0 0 0 0 0 14 12 0
0 0 0 8 0 0 16 5 0 0 7 0 3 0 0 0
