 15  14  8  4  1  10  3  16  5  7  13  9  11  12  2  6 
 9  12  6  2  13  8  11  4  15  3  14  10  16  1  5  7 
 5  11  10  13  7  2  12  6  8  16  4  1  9  3  14  15 
 7  1  3  16  5  14  15  9  12  6  2  11  8  13  4  10 
 16  3  12  10  6  5  2  8  14  15  11  7  1  4  13  9 
 2  6  13  14  9  12  7  1  4  5  10  16  15  11  3  8 
 1  8  5  11  16  15  4  13  3  9  6  2  14  10  7  12 
 4  15  7  9  14  11  10  3  13  1  12  8  5  16  6  2 
 8  7  4  6  11  16  13  2  1  14  5  15  12  9  10  3 
 11  10  1  15  3  4  14  7  6  8  9  12  2  5  16  13 
 14  9  16  12  8  6  5  15  2  10  3  13  4  7  11  1 
 13  5  2  3  10  9  1  12  7  11  16  4  6  8  15  14 
 10  4  15  5  2  13  9  14  11  12  1  3  7  6  8  16 
 6  16  11  7  12  3  8  10  9  4  15  14  13  2  1  5 
 3  2  9  1  15  7  6  11  16  13  8  5  10  14  12  4 
 12  13  14  8  4  1  16  5  10  2  7  6  3  15  9  11 
Time taken: 1244.0 ms