 5  25  4  22  21  24  6  16  20  14  13  8  11  12  17  23  15  19  7  3  2  18  10  1  9 
 18  10  14  15  13  22  4  17  25  7  20  23  16  5  9  2  1  24  8  21  3  19  11  6  12 
 24  3  11  1  17  18  23  2  5  12  10  21  19  22  7  25  14  9  16  6  4  20  15  8  13 
 23  6  12  7  8  9  15  19  11  21  18  3  1  25  2  4  20  10  22  13  5  24  17  16  14 
 2  19  16  20  9  10  8  1  3  13  14  4  6  15  24  12  5  11  18  17  7  25  22  23  21 
 20  24  6  17  23  15  3  5  10  11  7  19  22  18  14  9  13  25  21  4  8  1  16  12  2 
 15  11  2  21  22  7  18  14  23  8  5  16  25  17  6  20  10  12  1  24  9  4  19  13  3 
 19  18  25  8  3  2  24  4  16  9  12  15  21  1  13  22  23  14  11  7  10  5  20  17  6 
 12  13  9  10  1  17  25  20  22  6  24  11  4  2  8  5  3  16  15  19  23  14  21  18  7 
 14  16  7  5  4  19  13  21  12  1  3  9  10  20  23  8  6  17  2  18  25  15  24  22  11 
 25  8  22  13  16  14  9  24  15  18  4  5  2  11  21  10  19  6  20  23  12  3  1  7  17 
 9  20  24  23  11  25  1  7  8  3  19  14  17  16  22  15  21  4  5  12  13  6  2  10  18 
 7  21  15  3  12  23  5  10  2  16  25  24  20  6  18  13  9  1  17  22  14  8  4  11  19 
 17  14  1  2  6  13  19  11  21  4  9  10  12  23  3  18  24  7  25  8  15  16  5  20  22 
 4  5  10  18  19  12  20  22  6  17  8  13  15  7  1  14  16  2  3  11  24  21  9  25  23 
 3  4  20  12  14  5  11  25  13  23  15  18  24  21  19  7  8  22  10  16  17  9  6  2  1 
 22  1  5  16  2  20  21  6  17  19  23  25  9  8  12  24  11  15  13  14  18  10  7  3  4 
 10  9  21  25  24  3  16  15  7  22  2  6  14  13  4  17  18  20  23  1  19  11  12  5  8 
 8  23  17  6  7  4  10  9  18  24  22  1  5  3  11  19  25  21  12  2  20  13  14  15  16 
 13  15  19  11  18  8  14  12  1  2  17  20  7  10  16  3  4  5  6  9  22  23  25  21  24 
 11  12  13  14  15  21  22  23  24  25  16  17  18  19  20  6  7  8  9  10  1  2  3  4  5 
 21  22  23  24  25  16  17  18  19  20  1  2  3  4  5  11  12  13  14  15  6  7  8  9  10 
 16  17  18  19  20  1  2  3  4  5  6  7  8  9  10  21  22  23  24  25  11  12  13  14  15 
 6  7  8  9  10  11  12  13  14  15  21  22  23  24  25  1  2  3  4  5  16  17  18  19  20 
 1  2  3  4  5  6  7  8  9  10  11  12  13  14  15  16  17  18  19  20  21  22  23  24  25 
Time taken: 618.0 ms